-5.0000e+00 6.1336e+00
-4.8990e+00 5.0898e+00
-4.7980e+00 5.9155e+00
-4.6970e+00 3.1408e+00
-4.5960e+00 3.4353e+00
-4.4949e+00 4.5225e+00
-4.3939e+00 5.2025e+00
-4.2929e+00 2.7600e+00
-4.1919e+00 1.9853e+00
-4.0909e+00 2.6346e+00
-3.9899e+00 2.2477e+00
-3.8889e+00 2.2252e+00
-3.7879e+00 3.1939e+00
-3.6869e+00 3.6535e+00
-3.5859e+00 2.2579e+00
-3.4848e+00 1.1654e+00
-3.3838e+00 2.6647e+00
-3.2828e+00 2.3821e+00
-3.1818e+00 2.4025e+00
-3.0808e+00 3.6564e+00
-2.9798e+00 3.5717e+00
-2.8788e+00 1.8668e+00
-2.7778e+00 3.0349e+00
-2.6768e+00 3.2828e+00
-2.5758e+00 4.3343e+00
-2.4747e+00 4.1624e+00
-2.3737e+00 4.4095e+00
-2.2727e+00 3.4931e+00
-2.1717e+00 3.4855e+00
-2.0707e+00 2.2799e+00
-1.9697e+00 3.2253e+00
-1.8687e+00 4.3802e+00
-1.7677e+00 4.5878e+00
-1.6667e+00 3.6403e+00
-1.5657e+00 4.4683e+00
-1.4646e+00 3.6922e+00
-1.3636e+00 4.9453e+00
-1.2626e+00 4.2608e+00
-1.1616e+00 5.1515e+00
-1.0606e+00 3.1360e+00
-9.5960e-01 3.7887e+00
-8.5859e-01 4.6135e+00
-7.5758e-01 3.0933e+00
-6.5657e-01 3.1101e+00
-5.5556e-01 4.1745e+00
-4.5455e-01 4.7256e+00
-3.5354e-01 6.0917e+00
-2.5253e-01 4.4021e+00
-1.5152e-01 5.5780e+00
-5.0505e-02 6.5246e+00
5.0505e-02 6.3463e+00
1.5152e-01 3.2092e+00
2.5253e-01 6.1861e+00
3.5354e-01 5.6577e+00
4.5455e-01 4.7718e+00
5.5556e-01 2.5111e+00
6.5657e-01 3.8434e+00
7.5758e-01 4.4113e+00
8.5859e-01 3.2934e+00
9.5960e-01 2.3389e+00
1.0606e+00 2.7273e+00
1.1616e+00 3.5935e+00
1.2626e+00 7.8776e-01
1.3636e+00 2.5815e-01
1.4646e+00 3.0753e+00
1.5657e+00 6.0765e-01
1.6667e+00 8.6425e-01
1.7677e+00 3.9739e-04
1.8687e+00 8.7254e-01
1.9697e+00 8.1310e-01
2.0707e+00 -7.0629e-01
2.1717e+00 9.8054e-01
2.2727e+00 8.2896e-01
2.3737e+00 -1.4373e+00
2.4747e+00 -4.4310e-01
2.5758e+00 3.4468e-01
2.6768e+00 -4.9356e-01
2.7778e+00 -2.8057e+00
2.8788e+00 -1.0424e+00
2.9798e+00 -6.7832e-01
3.0808e+00 -2.9568e+00
3.1818e+00 -4.1273e+00
3.2828e+00 -3.2550e+00
3.3838e+00 -2.4183e+00
3.4848e+00 -3.6912e+00
3.5859e+00 -2.0584e+00
3.6869e+00 -3.8661e+00
3.7879e+00 -9.6261e-01
3.8889e+00 -3.6309e+00
3.9899e+00 -3.1827e+00
4.0909e+00 -2.1950e+00
4.1919e+00 -2.2191e+00
4.2929e+00 -1.0581e+00
4.3939e+00 -3.4883e+00
4.4949e+00 -1.1828e+00
4.5960e+00 -2.4539e+00
4.6970e+00 -1.2802e+00
4.7980e+00 -1.3944e+00
4.8990e+00 -2.4359e+00
5.0000e+00 -2.6024e+00
